#pragma once

const short filterCoeffs[][15][15] = {
	{
		// filterCoeffs[0] -> Outline
		{-1,-1,-1,-1,-1,-1,-1,-1,-1,-1,-1,-1,-1,-1,-1},
		{-1,-1,-1,-1,-1,-1,-1,-1,-1,-1,-1,-1,-1,-1,-1},
		{-1,-1,-1,-1,-1,-1,-1,-1,-1,-1,-1,-1,-1,-1,-1},
		{-1,-1,-1,-1,-1,-1,-1,-1,-1,-1,-1,-1,-1,-1,-1},
		{-1,-1,-1,-1,-1,-1,-1,-1,-1,-1,-1,-1,-1,-1,-1},
		{-1,-1,-1,-1,-1,-1,-1,-1,-1,-1,-1,-1,-1,-1,-1},
		{-1,-1,-1,-1,-1,-1,-1,-1,-1,-1,-1,-1,-1,-1,-1},
		{-1,-1,-1,-1,-1,-1,-1,224,-1,-1,-1,-1,-1,-1,-1},
		{-1,-1,-1,-1,-1,-1,-1,-1,-1,-1,-1,-1,-1,-1,-1},
		{-1,-1,-1,-1,-1,-1,-1,-1,-1,-1,-1,-1,-1,-1,-1},
		{-1,-1,-1,-1,-1,-1,-1,-1,-1,-1,-1,-1,-1,-1,-1},
		{-1,-1,-1,-1,-1,-1,-1,-1,-1,-1,-1,-1,-1,-1,-1},
		{-1,-1,-1,-1,-1,-1,-1,-1,-1,-1,-1,-1,-1,-1,-1},
		{-1,-1,-1,-1,-1,-1,-1,-1,-1,-1,-1,-1,-1,-1,-1},
		{-1,-1,-1,-1,-1,-1,-1,-1,-1,-1,-1,-1,-1,-1,-1}
	},
	{
		// filterCoeffs[1] -> Mean/Box blur
		{1, 1, 1, 1, 1, 1, 1, 1, 1, 1, 1, 1, 1, 1, 1},
		{1, 1, 1, 1, 1, 1, 1, 1, 1, 1, 1, 1, 1, 1, 1},
		{1, 1, 1, 1, 1, 1, 1, 1, 1, 1, 1, 1, 1, 1, 1},
		{1, 1, 1, 1, 1, 1, 1, 1, 1, 1, 1, 1, 1, 1, 1},
		{1, 1, 1, 1, 1, 1, 1, 1, 1, 1, 1, 1, 1, 1, 1},
		{1, 1, 1, 1, 1, 1, 1, 1, 1, 1, 1, 1, 1, 1, 1},
		{1, 1, 1, 1, 1, 1, 1, 1, 1, 1, 1, 1, 1, 1, 1},
		{1, 1, 1, 1, 1, 1, 1, 1, 1, 1, 1, 1, 1, 1, 1},
		{1, 1, 1, 1, 1, 1, 1, 1, 1, 1, 1, 1, 1, 1, 1},
		{1, 1, 1, 1, 1, 1, 1, 1, 1, 1, 1, 1, 1, 1, 1},
		{1, 1, 1, 1, 1, 1, 1, 1, 1, 1, 1, 1, 1, 1, 1},
		{1, 1, 1, 1, 1, 1, 1, 1, 1, 1, 1, 1, 1, 1, 1},
		{1, 1, 1, 1, 1, 1, 1, 1, 1, 1, 1, 1, 1, 1, 1},
		{1, 1, 1, 1, 1, 1, 1, 1, 1, 1, 1, 1, 1, 1, 1},
		{1, 1, 1, 1, 1, 1, 1, 1, 1, 1, 1, 1, 1, 1, 1}
	},	
	{
		// filterCoeffs[2] -> LoG
		{0,0,0,0,0,0,0,0,0,0,0,0,0,0,0},
		{0,0,0,0,0,2,5,6,5,2,0,0,0,0,0},
		{0,0,0,2,10,32,61,75,61,32,10,2,0,0,0},
		{0,0,2,16,75,206,361,431,361,206,75,16,2,0,0},
		{0,0,10,75,301,696,1002,1080,1002,696,301,75,10,0,0},
		{0,2,32,206,696,1120,637,60,637,1120,696,206,32,2,0},
		{0,5,61,361,1002,637,-2437,-4783,-2437,637,1002,361,61,5,0},
		{0,6,75,431,1080,60,-4783,-8286,-4783,60,1080,431,75,6,0},
		{0,5,61,361,1002,637,-2437,-4783,-2437,637,1002,361,61,5,0},
		{0,2,32,206,696,1120,637,60,637,1120,696,206,32,2,0},
		{0,0,10,75,301,696,1002,1080,1002,696,301,75,10,0,0},
		{0,0,2,16,75,206,361,431,361,206,75,16,2,0,0},
		{0,0,0,2,10,32,61,75,61,32,10,2,0,0,0},
		{0,0,0,0,0,2,5,6,5,2,0,0,0,0,0},
		{0,0,0,0,0,0,0,0,0,0,0,0,0,0,0}

	},
	{
		// filterCoeffs[3] -> Emboss
		{-1,-1,-1,-1,-1,-1,-1,-1,-1,-1,-1,-1,-1,-1, 0},
		{-1,-1,-1,-1,-1,-1,-1,-1,-1,-1,-1,-1,-1, 0, 1},
		{-1,-1,-1,-1,-1,-1,-1,-1,-1,-1,-1,-1, 0, 1, 1},
		{-1,-1,-1,-1,-1,-1,-1,-1,-1,-1,-1, 0, 1, 1, 1},
		{-1,-1,-1,-1,-1,-1,-1,-1,-1,-1, 0, 1, 1, 1, 1},
		{-1,-1,-1,-1,-1,-1,-1,-1,-1, 0, 1, 1, 1, 1, 1},
		{-1,-1,-1,-1,-1,-1,-1,-1, 0, 1, 1, 1, 1, 1, 1},
		{-1,-1,-1,-1,-1,-1,-1, 0, 1, 1, 1, 1, 1, 1, 1},
		{-1,-1,-1,-1,-1,-1, 0, 1, 1, 1, 1, 1, 1, 1, 1},
		{-1,-1,-1,-1,-1, 0, 1, 1, 1, 1, 1, 1, 1, 1, 1},
		{-1,-1,-1,-1, 0, 1, 1, 1, 1, 1, 1, 1, 1, 1, 1},
		{-1,-1,-1, 0, 1, 1, 1, 1, 1, 1, 1, 1, 1, 1, 1},
		{-1,-1, 0, 1, 1, 1, 1, 1, 1, 1, 1, 1, 1, 1, 1},
		{-1, 0, 1, 1, 1, 1, 1, 1, 1, 1, 1, 1, 1, 1, 1},
		{ 0, 1, 1, 1, 1, 1, 1, 1, 1, 1, 1, 1, 1, 1, 1}
	},
};	
